0.1588 0.1535
0.66325 0.6661
0.8595333333333334 0.8602
0.8809666666666667 0.8811
0.8860166666666667 0.8862
0.8941166666666667 0.8967
0.8990833333333333 0.8999
0.90105 0.9005
0.9048166666666667 0.9059
0.9065833333333333 0.9077
0.9071166666666667 0.9077
0.9123166666666667 0.9149
0.9113666666666667 0.9133
0.9164 0.9169
0.9185166666666666 0.9188
0.91905 0.9169
0.9206666666666666 0.9202
0.92125 0.9183
0.92265 0.921
0.92225 0.9191
0.9254333333333333 0.922
0.9272666666666667 0.925
0.9272166666666667 0.9264
0.9288833333333333 0.9297
0.9298 0.9263
0.9312 0.9286
0.9330166666666667 0.929
0.9329666666666667 0.9281
0.9342333333333334 0.9309
0.93515 0.931
0.9354666666666667 0.9305
0.9352833333333334 0.9305
0.9366 0.9317
0.9383833333333333 0.9326
0.9384166666666667 0.9335
0.9372666666666667 0.9323
0.93725 0.9328
0.9393 0.9354
0.9403333333333334 0.9336
0.9406166666666667 0.9341
0.9426333333333333 0.9364
0.9416333333333333 0.9366
0.94265 0.9374
0.9432666666666667 0.9372
0.9432333333333334 0.9379
0.94275 0.9369
0.9443 0.9369
0.9424833333333333 0.9376
0.94475 0.9382
0.9455833333333333 0.9385
0.9450166666666666 0.9393
0.9449333333333333 0.9387
0.9449 0.9379
0.9453333333333334 0.9369
0.94595 0.9402
0.9460166666666666 0.9392
0.94585 0.9401
0.9465666666666667 0.9403
0.9457666666666666 0.9397
0.9460833333333334 0.9411
0.94685 0.9405
0.9469833333333333 0.9398
0.9472333333333334 0.9414
0.9477166666666667 0.9411
0.94745 0.9416
0.9481666666666667 0.9421
0.9479833333333333 0.9435
0.9475833333333333 0.9422
0.9478 0.9414
0.9477833333333333 0.9416
0.9466666666666667 0.9412
0.9470833333333334 0.9422
0.9484 0.9428
0.9482 0.9421
0.9483833333333334 0.944
0.9484166666666667 0.9421
0.9486666666666667 0.9434
0.9483166666666667 0.9431
0.9492333333333334 0.9442
0.9486166666666667 0.9437
0.9487666666666666 0.9428
0.9486833333333333 0.944
0.9493666666666667 0.9435
0.9490833333333333 0.9433
0.94965 0.9435
0.9490333333333333 0.9429
0.94895 0.9438
0.9491833333333334 0.9434
0.94755 0.9415
0.9493833333333334 0.9436
0.9497833333333333 0.9452
0.94955 0.9436
0.9491166666666667 0.9432
0.9487333333333333 0.9443
0.9485 0.9443
0.9492 0.9438
0.9486166666666667 0.9438
0.9496166666666667 0.9448
0.94955 0.9441
0.94965 0.9443
